cam_model: ATAN
cam_width: 640
cam_height: 480
cam_fx: 1.06326
cam_fy: 1.41474
cam_cx: 0.488711
cam_cy: 0.478752
cam_d0: 0.171631