cam_model: ATAN
cam_width: 752
cam_height: 480
cam_fx: 0.451172
cam_fy: 0.70574
cam_cx: 0.500868
cam_cy: 0.452328
cam_d0: 0.966227

